include: SuiteSparse:GraphBLAS v7.4.4 [Mar 25, 2023]
library: SuiteSparse:GraphBLAS v7.4.4 [Mar 25, 2023]
matrix: /home/quilicam/mat/Harvard500/Harvard500.mtx
[.mtx]
Reading matrix market file: /home/quilicam/mat/Harvard500/Harvard500.mtx
read time: 0.00124334
Input Matrix:
Terminated after 1001 iterations

  500x500 GraphBLAS double matrix, sparse by row
  C_temp, 529 entries, memory: 12.4 KB

    (6,1)    1
    (6,2)    1
    (6,6)    1
    (6,8)    1
    (6,9)    1
    (6,19)    1
    (6,28)    1
    (6,30)    1
    (6,44)    1
    (6,47)    1
    (6,52)    1
    (6,53)    1
    (6,54)    1
    (6,55)    1
    (6,56)    1
    (6,62)    1
    (6,63)    1
    (6,64)    1
    (6,67)    1
    (6,68)    1
    (6,69)    1
    (6,70)    1
    (6,71)    1
    (6,72)    1
    (6,73)    1
    (6,74)    1
    (6,75)    1
    (6,76)    1
    (6,77)    1
    (6,78)    1
    (6,79)    1
    (6,80)    1
    (6,81)    1
    (6,82)    1
    (6,83)    1
    (6,84)    1
    (6,85)    1
    (6,87)    1
    (6,88)    1
    (6,89)    1
    (6,90)    1
    (6,91)    1
    (6,109)    1
    (6,116)    1
    (6,118)    1
    (6,136)    1
    (6,150)    1
    (6,153)    1
    (6,168)    1
    (6,175)    1
    (6,188)    1
    (6,191)    1
    (6,193)    1
    (6,195)    1
    (6,204)    1
    (6,207)    1
    (6,222)    1
    (6,226)    1
    (6,229)    1
    (6,230)    1
    (6,231)    1
    (6,232)    1
    (6,233)    1
    (6,234)    1
    (6,235)    1
    (6,236)    1
    (6,237)    1
    (6,238)    1
    (6,239)    1
    (6,240)    1
    (6,241)    1
    (6,242)    1
    (6,243)    1
    (6,244)    1
    (6,245)    1
    (6,246)    1
    (6,247)    1
    (6,248)    1
    (6,258)    1
    (6,260)    1
    (6,283)    1
    (6,284)    1
    (6,289)    1
    (6,292)    1
    (6,305)    1
    (6,311)    1
    (6,313)    1
    (6,314)    1
    (6,342)    1
    (6,344)    1
    (6,345)    1
    (6,346)    1
    (6,352)    1
    (6,360)    1
    (6,362)    1
    (6,371)    1
    (6,377)    1
    (6,378)    0.5
    (6,381)    1
    (6,383)    1
    (6,384)    1
    (6,386)    1
    (6,389)    1
    (6,391)    1
    (6,398)    1
    (6,407)    1
    (6,410)    1
    (6,411)    1
    (6,414)    1
    (6,419)    1
    (6,420)    1
    (6,424)    1
    (6,425)    1
    (6,430)    1
    (6,431)    1
    (6,437)    1
    (6,446)    1
    (6,448)    1
    (6,450)    1
    (6,451)    1
    (6,453)    1
    (6,454)    1
    (6,455)    1
    (6,457)    1
    (6,461)    1
    (6,462)    1
    (6,464)    1
    (6,468)    1
    (6,470)    1
    (6,475)    1
    (6,476)    1
    (6,477)    1
    (6,479)    1
    (6,482)    1
    (6,483)    1
    (6,486)    1
    (6,489)    1
    (6,491)    1
    (6,495)    1
    (6,496)    1
    (6,497)    1
    (6,498)    1
    (10,10)    1
    (10,93)    1
    (10,95)    1
    (10,96)    1
    (10,97)    1
    (10,98)    1
    (10,99)    1
    (10,101)    1
    (10,102)    1
    (10,103)    1
    (10,104)    1
    (10,105)    1
    (10,107)    1
    (10,108)    1
    (10,300)    1
    (10,348)    1
    (10,379)    1
    (10,421)    1
    (10,441)    1
    (10,465)    1
    (10,478)    1
    (10,484)    1
    (31,3)    0.5
    (31,31)    1
    (31,41)    0.5
    (31,404)    0.5
    (31,415)    1
    (38,3)    0.5
    (38,38)    1
    (38,41)    0.5
    (38,404)    0.5
    (42,4)    1
    (42,12)    1
    (42,16)    1
    (42,18)    1
    (42,27)    0.5
    (42,29)    1
    (42,42)    1
    (42,61)    1
    (42,115)    1
    (42,117)    1
    (42,119)    1
    (42,120)    1
    (42,140)    1
    (42,169)    1
    (42,170)    1
    (42,171)    1
    (42,172)    1
    (42,174)    1
    (42,176)    1
    (42,177)    1
    (42,178)    1
    (42,179)    1
    (42,180)    1
    (42,185)    1
    (42,186)    1
    (42,187)    1
    (42,189)    1
    (42,190)    1
    (42,192)    1
    (42,196)    1
    (42,197)    1
    (42,198)    1
    (42,199)    1
    (42,200)    1
    (42,202)    1
    (42,203)    1
    (42,205)    1
    (42,206)    1
    (42,208)    1
    (42,209)    1
    (42,210)    1
    (42,211)    1
    (42,213)    1
    (42,214)    1
    (42,215)    1
    (42,219)    1
    (42,220)    1
    (42,223)    1
    (42,224)    1
    (42,225)    1
    (42,227)    1
    (42,228)    1
    (42,257)    1
    (42,291)    1
    (42,354)    1
    (42,359)    1
    (42,361)    1
    (42,367)    1
    (42,378)    0.5
    (42,402)    1
    (42,403)    1
    (42,408)    1
    (42,422)    1
    (42,428)    1
    (42,432)    1
    (42,444)    1
    (42,460)    1
    (42,466)    1
    (42,469)    1
    (42,492)    1
    (43,43)    1
    (48,7)    0.166667
    (48,48)    1
    (49,7)    0.166667
    (49,49)    1
    (50,7)    0.166667
    (50,50)    1
    (57,7)    0.166667
    (57,57)    1
    (58,7)    0.166667
    (58,58)    1
    (59,7)    0.166667
    (59,59)    1
    (60,60)    1
    (86,86)    1
    (92,92)    1
    (92,182)    1
    (94,94)    1
    (100,100)    1
    (110,110)    1
    (112,11)    0.333333
    (112,111)    0.333333
    (112,112)    1
    (112,286)    0.333333
    (112,392)    0.333333
    (113,11)    0.333333
    (113,111)    0.333333
    (113,113)    1
    (113,286)    0.333333
    (113,392)    0.333333
    (114,11)    0.333333
    (114,111)    0.333333
    (114,114)    1
    (114,286)    0.333333
    (114,392)    0.333333
    (122,14)    1
    (122,122)    1
    (127,127)    1
    (127,131)    1
    (130,13)    1
    (130,15)    1
    (130,121)    1
    (130,123)    1
    (130,124)    1
    (130,125)    1
    (130,126)    1
    (130,128)    1
    (130,129)    1
    (130,130)    1
    (130,133)    1
    (130,134)    1
    (130,137)    1
    (130,138)    1
    (130,139)    1
    (130,141)    1
    (130,146)    1
    (130,152)    1
    (130,155)    1
    (130,164)    1
    (130,165)    1
    (130,358)    1
    (130,380)    1
    (130,382)    1
    (130,395)    1
    (130,434)    1
    (130,463)    1
    (130,500)    1
    (132,132)    1
    (142,142)    1
    (143,143)    1
    (143,426)    1
    (143,438)    1
    (147,147)    1
    (151,151)    1
    (154,154)    1
    (156,156)    1
    (157,157)    1
    (158,158)    1
    (159,159)    1
    (159,363)    0.333333
    (161,161)    1
    (161,363)    0.333333
    (163,163)    1
    (163,363)    0.333333
    (166,166)    1
    (167,167)    1
    (181,17)    0.5
    (181,181)    1
    (181,183)    0.5
    (184,17)    0.5
    (184,183)    0.5
    (184,184)    1
    (184,439)    1
    (184,443)    1
    (184,467)    1
    (184,471)    1
    (184,488)    1
    (184,490)    1
    (184,499)    1
    (194,173)    1
    (194,194)    1
    (194,212)    1
    (194,287)    1
    (194,290)    1
    (216,216)    1
    (217,217)    1
    (221,221)    1
    (249,20)    1
    (249,21)    1
    (249,22)    1
    (249,23)    1
    (249,25)    1
    (249,26)    1
    (249,45)    1
    (249,65)    1
    (249,66)    1
    (249,218)    1
    (249,249)    1
    (249,250)    1
    (249,251)    1
    (249,252)    1
    (249,253)    1
    (249,254)    1
    (249,255)    1
    (249,256)    1
    (259,259)    1
    (261,24)    1
    (261,160)    1
    (261,261)    1
    (261,262)    1
    (261,263)    1
    (261,264)    1
    (261,265)    1
    (261,266)    1
    (261,267)    1
    (261,268)    1
    (261,269)    1
    (261,270)    1
    (261,271)    1
    (261,272)    1
    (261,273)    1
    (261,274)    1
    (261,275)    1
    (261,276)    1
    (261,277)    1
    (261,278)    1
    (261,279)    1
    (261,280)    1
    (261,281)    1
    (282,27)    0.5
    (282,282)    1
    (285,32)    1
    (285,106)    1
    (285,285)    1
    (293,33)    0.5
    (293,288)    1
    (293,293)    1
    (293,304)    1
    (294,33)    0.5
    (294,294)    1
    (295,34)    0.333333
    (295,295)    1
    (296,34)    0.333333
    (296,296)    1
    (297,34)    0.333333
    (297,297)    1
    (298,35)    0.5
    (298,162)    1
    (298,298)    1
    (299,35)    0.5
    (299,299)    1
    (301,36)    1
    (301,301)    1
    (302,37)    1
    (302,302)    1
    (306,306)    1
    (307,39)    1
    (307,40)    1
    (307,303)    1
    (307,307)    1
    (308,308)    1
    (309,309)    1
    (310,310)    1
    (312,312)    1
    (312,409)    1
    (334,334)    1
    (335,5)    1
    (335,46)    1
    (335,315)    1
    (335,316)    1
    (335,317)    1
    (335,318)    1
    (335,319)    1
    (335,320)    1
    (335,321)    1
    (335,322)    1
    (335,323)    1
    (335,324)    1
    (335,325)    1
    (335,326)    1
    (335,327)    1
    (335,328)    1
    (335,329)    1
    (335,330)    1
    (335,331)    1
    (335,332)    1
    (335,333)    1
    (335,335)    1
    (335,417)    1
    (337,51)    1
    (337,336)    1
    (337,337)    1
    (337,339)    1
    (337,341)    1
    (337,343)    1
    (338,338)    1
    (340,340)    1
    (347,347)    1
    (349,349)    1
    (350,350)    1
    (351,351)    1
    (353,149)    0.5
    (353,353)    1
    (355,355)    1
    (356,356)    1
    (357,357)    1
    (364,364)    1
    (365,365)    1
    (365,459)    0.5
    (366,201)    0.5
    (366,366)    1
    (368,368)    1
    (369,369)    1
    (370,370)    1
    (372,372)    1
    (373,149)    0.5
    (373,373)    1
    (374,374)    1
    (374,427)    1
    (375,375)    1
    (376,376)    1
    (385,145)    1
    (385,148)    1
    (385,385)    1
    (387,387)    1
    (388,388)    1
    (390,390)    1
    (394,393)    1
    (394,394)    1
    (396,396)    1
    (397,397)    1
    (399,399)    1
    (400,400)    1
    (401,401)    1
    (405,405)    1
    (406,406)    1
    (412,412)    1
    (413,413)    1
    (416,416)    1
    (418,418)    1
    (423,423)    1
    (429,429)    1
    (433,433)    1
    (435,135)    1
    (435,435)    1
    (436,436)    1
    (440,440)    1
    (442,442)    1
    (445,445)    1
    (447,447)    1
    (449,449)    1
    (452,452)    1
    (456,144)    1
    (456,456)    1
    (458,458)    1
    (458,459)    0.5
    (472,472)    1
    (473,473)    1
    (474,474)    1
    (480,480)    1
    (481,481)    1
    (485,485)    1
    (487,201)    0.5
    (487,487)    1
    (493,493)    1
    (494,494)    1


  500x500 GraphBLAS double matrix, sparse by row
  C_temp, 529 entries, memory: 12.4 KB

    (6,1)    1
    (6,2)    1
    (6,6)    1
    (6,8)    1
    (6,9)    1
    (6,19)    1
    (6,28)    1
    (6,30)    1
    (6,44)    1
    (6,47)    1
    (6,52)    1
    (6,53)    1
    (6,54)    1
    (6,55)    1
    (6,56)    1
    (6,62)    1
    (6,63)    1
    (6,64)    1
    (6,67)    1
    (6,68)    1
    (6,69)    1
    (6,70)    1
    (6,71)    1
    (6,72)    1
    (6,73)    1
    (6,74)    1
    (6,75)    1
    (6,76)    1
    (6,77)    1
    (6,78)    1
    (6,79)    1
    (6,80)    1
    (6,81)    1
    (6,82)    1
    (6,83)    1
    (6,84)    1
    (6,85)    1
    (6,87)    1
    (6,88)    1
    (6,89)    1
    (6,90)    1
    (6,91)    1
    (6,109)    1
    (6,116)    1
    (6,118)    1
    (6,136)    1
    (6,150)    1
    (6,153)    1
    (6,168)    1
    (6,175)    1
    (6,188)    1
    (6,191)    1
    (6,193)    1
    (6,195)    1
    (6,204)    1
    (6,207)    1
    (6,222)    1
    (6,226)    1
    (6,229)    1
    (6,230)    1
    (6,231)    1
    (6,232)    1
    (6,233)    1
    (6,234)    1
    (6,235)    1
    (6,236)    1
    (6,237)    1
    (6,238)    1
    (6,239)    1
    (6,240)    1
    (6,241)    1
    (6,242)    1
    (6,243)    1
    (6,244)    1
    (6,245)    1
    (6,246)    1
    (6,247)    1
    (6,248)    1
    (6,258)    1
    (6,260)    1
    (6,283)    1
    (6,284)    1
    (6,289)    1
    (6,292)    1
    (6,305)    1
    (6,311)    1
    (6,313)    1
    (6,314)    1
    (6,342)    1
    (6,344)    1
    (6,345)    1
    (6,346)    1
    (6,352)    1
    (6,360)    1
    (6,362)    1
    (6,371)    1
    (6,377)    1
    (6,378)    0.5
    (6,381)    1
    (6,383)    1
    (6,384)    1
    (6,386)    1
    (6,389)    1
    (6,391)    1
    (6,398)    1
    (6,407)    1
    (6,410)    1
    (6,411)    1
    (6,414)    1
    (6,419)    1
    (6,420)    1
    (6,424)    1
    (6,425)    1
    (6,430)    1
    (6,431)    1
    (6,437)    1
    (6,446)    1
    (6,448)    1
    (6,450)    1
    (6,451)    1
    (6,453)    1
    (6,454)    1
    (6,455)    1
    (6,457)    1
    (6,461)    1
    (6,462)    1
    (6,464)    1
    (6,468)    1
    (6,470)    1
    (6,475)    1
    (6,476)    1
    (6,477)    1
    (6,479)    1
    (6,482)    1
    (6,483)    1
    (6,486)    1
    (6,489)    1
    (6,491)    1
    (6,495)    1
    (6,496)    1
    (6,497)    1
    (6,498)    1
    (10,10)    1
    (10,93)    1
    (10,95)    1
    (10,96)    1
    (10,97)    1
    (10,98)    1
    (10,99)    1
    (10,101)    1
    (10,102)    1
    (10,103)    1
    (10,104)    1
    (10,105)    1
    (10,107)    1
    (10,108)    1
    (10,300)    1
    (10,348)    1
    (10,379)    1
    (10,421)    1
    (10,441)    1
    (10,465)    1
    (10,478)    1
    (10,484)    1
    (31,3)    0.5
    (31,31)    1
    (31,41)    0.5
    (31,404)    0.5
    (31,415)    1
    (38,3)    0.5
    (38,38)    1
    (38,41)    0.5
    (38,404)    0.5
    (42,4)    1
    (42,12)    1
    (42,16)    1
    (42,18)    1
    (42,27)    0.5
    (42,29)    1
    (42,42)    1
    (42,61)    1
    (42,115)    1
    (42,117)    1
    (42,119)    1
    (42,120)    1
    (42,140)    1
    (42,169)    1
    (42,170)    1
    (42,171)    1
    (42,172)    1
    (42,174)    1
    (42,176)    1
    (42,177)    1
    (42,178)    1
    (42,179)    1
    (42,180)    1
    (42,185)    1
    (42,186)    1
    (42,187)    1
    (42,189)    1
    (42,190)    1
    (42,192)    1
    (42,196)    1
    (42,197)    1
    (42,198)    1
    (42,199)    1
    (42,200)    1
    (42,202)    1
    (42,203)    1
    (42,205)    1
    (42,206)    1
    (42,208)    1
    (42,209)    1
    (42,210)    1
    (42,211)    1
    (42,213)    1
    (42,214)    1
    (42,215)    1
    (42,219)    1
    (42,220)    1
    (42,223)    1
    (42,224)    1
    (42,225)    1
    (42,227)    1
    (42,228)    1
    (42,257)    1
    (42,291)    1
    (42,354)    1
    (42,359)    1
    (42,361)    1
    (42,367)    1
    (42,378)    0.5
    (42,402)    1
    (42,403)    1
    (42,408)    1
    (42,422)    1
    (42,428)    1
    (42,432)    1
    (42,444)    1
    (42,460)    1
    (42,466)    1
    (42,469)    1
    (42,492)    1
    (43,43)    1
    (48,7)    0.166667
    (48,48)    1
    (49,7)    0.166667
    (49,49)    1
    (50,7)    0.166667
    (50,50)    1
    (57,7)    0.166667
    (57,57)    1
    (58,7)    0.166667
    (58,58)    1
    (59,7)    0.166667
    (59,59)    1
    (60,60)    1
    (86,86)    1
    (92,92)    1
    (92,182)    1
    (94,94)    1
    (100,100)    1
    (110,110)    1
    (112,11)    0.333333
    (112,111)    0.333333
    (112,112)    1
    (112,286)    0.333333
    (112,392)    0.333333
    (113,11)    0.333333
    (113,111)    0.333333
    (113,113)    1
    (113,286)    0.333333
    (113,392)    0.333333
    (114,11)    0.333333
    (114,111)    0.333333
    (114,114)    1
    (114,286)    0.333333
    (114,392)    0.333333
    (122,14)    1
    (122,122)    1
    (127,127)    1
    (127,131)    1
    (130,13)    1
    (130,15)    1
    (130,121)    1
    (130,123)    1
    (130,124)    1
    (130,125)    1
    (130,126)    1
    (130,128)    1
    (130,129)    1
    (130,130)    1
    (130,133)    1
    (130,134)    1
    (130,137)    1
    (130,138)    1
    (130,139)    1
    (130,141)    1
    (130,146)    1
    (130,152)    1
    (130,155)    1
    (130,164)    1
    (130,165)    1
    (130,358)    1
    (130,380)    1
    (130,382)    1
    (130,395)    1
    (130,434)    1
    (130,463)    1
    (130,500)    1
    (132,132)    1
    (142,142)    1
    (143,143)    1
    (143,426)    1
    (143,438)    1
    (147,147)    1
    (151,151)    1
    (154,154)    1
    (156,156)    1
    (157,157)    1
    (158,158)    1
    (159,159)    1
    (159,363)    0.333333
    (161,161)    1
    (161,363)    0.333333
    (163,163)    1
    (163,363)    0.333333
    (166,166)    1
    (167,167)    1
    (181,17)    0.5
    (181,181)    1
    (181,183)    0.5
    (184,17)    0.5
    (184,183)    0.5
    (184,184)    1
    (184,439)    1
    (184,443)    1
    (184,467)    1
    (184,471)    1
    (184,488)    1
    (184,490)    1
    (184,499)    1
    (194,173)    1
    (194,194)    1
    (194,212)    1
    (194,287)    1
    (194,290)    1
    (216,216)    1
    (217,217)    1
    (221,221)    1
    (249,20)    1
    (249,21)    1
    (249,22)    1
    (249,23)    1
    (249,25)    1
    (249,26)    1
    (249,45)    1
    (249,65)    1
    (249,66)    1
    (249,218)    1
    (249,249)    1
    (249,250)    1
    (249,251)    1
    (249,252)    1
    (249,253)    1
    (249,254)    1
    (249,255)    1
    (249,256)    1
    (259,259)    1
    (261,24)    1
    (261,160)    1
    (261,261)    1
    (261,262)    1
    (261,263)    1
    (261,264)    1
    (261,265)    1
    (261,266)    1
    (261,267)    1
    (261,268)    1
    (261,269)    1
    (261,270)    1
    (261,271)    1
    (261,272)    1
    (261,273)    1
    (261,274)    1
    (261,275)    1
    (261,276)    1
    (261,277)    1
    (261,278)    1
    (261,279)    1
    (261,280)    1
    (261,281)    1
    (282,27)    0.5
    (282,282)    1
    (285,32)    1
    (285,106)    1
    (285,285)    1
    (293,33)    0.5
    (293,288)    1
    (293,293)    1
    (293,304)    1
    (294,33)    0.5
    (294,294)    1
    (295,34)    0.333333
    (295,295)    1
    (296,34)    0.333333
    (296,296)    1
    (297,34)    0.333333
    (297,297)    1
    (298,35)    0.5
    (298,162)    1
    (298,298)    1
    (299,35)    0.5
    (299,299)    1
    (301,36)    1
    (301,301)    1
    (302,37)    1
    (302,302)    1
    (306,306)    1
    (307,39)    1
    (307,40)    1
    (307,303)    1
    (307,307)    1
    (308,308)    1
    (309,309)    1
    (310,310)    1
    (312,312)    1
    (312,409)    1
    (334,334)    1
    (335,5)    1
    (335,46)    1
    (335,315)    1
    (335,316)    1
    (335,317)    1
    (335,318)    1
    (335,319)    1
    (335,320)    1
    (335,321)    1
    (335,322)    1
    (335,323)    1
    (335,324)    1
    (335,325)    1
    (335,326)    1
    (335,327)    1
    (335,328)    1
    (335,329)    1
    (335,330)    1
    (335,331)    1
    (335,332)    1
    (335,333)    1
    (335,335)    1
    (335,417)    1
    (337,51)    1
    (337,336)    1
    (337,337)    1
    (337,339)    1
    (337,341)    1
    (337,343)    1
    (338,338)    1
    (340,340)    1
    (347,347)    1
    (349,349)    1
    (350,350)    1
    (351,351)    1
    (353,149)    0.5
    (353,353)    1
    (355,355)    1
    (356,356)    1
    (357,357)    1
    (364,364)    1
    (365,365)    1
    (365,459)    0.5
    (366,201)    0.5
    (366,366)    1
    (368,368)    1
    (369,369)    1
    (370,370)    1
    (372,372)    1
    (373,149)    0.5
    (373,373)    1
    (374,374)    1
    (374,427)    1
    (375,375)    1
    (376,376)    1
    (385,145)    1
    (385,148)    1
    (385,385)    1
    (387,387)    1
    (388,388)    1
    (390,390)    1
    (394,393)    1
    (394,394)    1
    (396,396)    1
    (397,397)    1
    (399,399)    1
    (400,400)    1
    (401,401)    1
    (405,405)    1
    (406,406)    1
    (412,412)    1
    (413,413)    1
    (416,416)    1
    (418,418)    1
    (423,423)    1
    (429,429)    1
    (433,433)    1
    (435,135)    1
    (435,435)    1
    (436,436)    1
    (440,440)    1
    (442,442)    1
    (445,445)    1
    (447,447)    1
    (449,449)    1
    (452,452)    1
    (456,144)    1
    (456,456)    1
    (458,458)    1
    (458,459)    0.5
    (472,472)    1
    (473,473)    1
    (474,474)    1
    (480,480)    1
    (481,481)    1
    (485,485)    1
    (487,201)    0.5
    (487,487)    1
    (493,493)    1
    (494,494)    1


  529x529 GraphBLAS bool matrix, sparse by row
  CC, 529 entries, memory: 12.4 KB
  iso value:   1

    (6,1)   1
    (6,2)   1
    (6,6)   1
    (6,8)   1
    (6,9)   1
    (6,19)   1
    (6,28)   1
    (6,30)   1
    (6,44)   1
    (6,47)   1
    (6,52)   1
    (6,53)   1
    (6,54)   1
    (6,55)   1
    (6,56)   1
    (6,62)   1
    (6,63)   1
    (6,64)   1
    (6,67)   1
    (6,68)   1
    (6,69)   1
    (6,70)   1
    (6,71)   1
    (6,72)   1
    (6,73)   1
    (6,74)   1
    (6,75)   1
    (6,76)   1
    (6,77)   1
    (6,78)   1
    (6,79)   1
    (6,80)   1
    (6,81)   1
    (6,82)   1
    (6,83)   1
    (6,84)   1
    (6,85)   1
    (6,87)   1
    (6,88)   1
    (6,89)   1
    (6,90)   1
    (6,91)   1
    (6,109)   1
    (6,116)   1
    (6,118)   1
    (6,136)   1
    (6,150)   1
    (6,153)   1
    (6,168)   1
    (6,175)   1
    (6,188)   1
    (6,191)   1
    (6,193)   1
    (6,195)   1
    (6,204)   1
    (6,207)   1
    (6,222)   1
    (6,226)   1
    (6,229)   1
    (6,230)   1
    (6,231)   1
    (6,232)   1
    (6,233)   1
    (6,234)   1
    (6,235)   1
    (6,236)   1
    (6,237)   1
    (6,238)   1
    (6,239)   1
    (6,240)   1
    (6,241)   1
    (6,242)   1
    (6,243)   1
    (6,244)   1
    (6,245)   1
    (6,246)   1
    (6,247)   1
    (6,248)   1
    (6,258)   1
    (6,260)   1
    (6,283)   1
    (6,284)   1
    (6,289)   1
    (6,292)   1
    (6,305)   1
    (6,311)   1
    (6,313)   1
    (6,314)   1
    (6,342)   1
    (6,344)   1
    (6,345)   1
    (6,346)   1
    (6,352)   1
    (6,360)   1
    (6,362)   1
    (6,371)   1
    (6,377)   1
    (6,378)   1
    (6,381)   1
    (6,383)   1
    (6,384)   1
    (6,386)   1
    (6,389)   1
    (6,391)   1
    (6,398)   1
    (6,407)   1
    (6,410)   1
    (6,411)   1
    (6,414)   1
    (6,419)   1
    (6,420)   1
    (6,424)   1
    (6,425)   1
    (6,430)   1
    (6,431)   1
    (6,437)   1
    (6,446)   1
    (6,448)   1
    (6,450)   1
    (6,451)   1
    (6,453)   1
    (6,454)   1
    (6,455)   1
    (6,457)   1
    (6,461)   1
    (6,462)   1
    (6,464)   1
    (6,468)   1
    (6,470)   1
    (6,475)   1
    (6,476)   1
    (6,477)   1
    (6,479)   1
    (6,482)   1
    (6,483)   1
    (6,486)   1
    (6,489)   1
    (6,491)   1
    (6,495)   1
    (6,496)   1
    (6,497)   1
    (6,498)   1
    (10,10)   1
    (10,93)   1
    (10,95)   1
    (10,96)   1
    (10,97)   1
    (10,98)   1
    (10,99)   1
    (10,101)   1
    (10,102)   1
    (10,103)   1
    (10,104)   1
    (10,105)   1
    (10,107)   1
    (10,108)   1
    (10,300)   1
    (10,348)   1
    (10,379)   1
    (10,421)   1
    (10,441)   1
    (10,465)   1
    (10,478)   1
    (10,484)   1
    (31,3)   1
    (31,31)   1
    (31,41)   1
    (31,404)   1
    (31,415)   1
    (38,3)   1
    (38,38)   1
    (38,41)   1
    (38,404)   1
    (42,4)   1
    (42,12)   1
    (42,16)   1
    (42,18)   1
    (42,27)   1
    (42,29)   1
    (42,42)   1
    (42,61)   1
    (42,115)   1
    (42,117)   1
    (42,119)   1
    (42,120)   1
    (42,140)   1
    (42,169)   1
    (42,170)   1
    (42,171)   1
    (42,172)   1
    (42,174)   1
    (42,176)   1
    (42,177)   1
    (42,178)   1
    (42,179)   1
    (42,180)   1
    (42,185)   1
    (42,186)   1
    (42,187)   1
    (42,189)   1
    (42,190)   1
    (42,192)   1
    (42,196)   1
    (42,197)   1
    (42,198)   1
    (42,199)   1
    (42,200)   1
    (42,202)   1
    (42,203)   1
    (42,205)   1
    (42,206)   1
    (42,208)   1
    (42,209)   1
    (42,210)   1
    (42,211)   1
    (42,213)   1
    (42,214)   1
    (42,215)   1
    (42,219)   1
    (42,220)   1
    (42,223)   1
    (42,224)   1
    (42,225)   1
    (42,227)   1
    (42,228)   1
    (42,257)   1
    (42,291)   1
    (42,354)   1
    (42,359)   1
    (42,361)   1
    (42,367)   1
    (42,378)   1
    (42,402)   1
    (42,403)   1
    (42,408)   1
    (42,422)   1
    (42,428)   1
    (42,432)   1
    (42,444)   1
    (42,460)   1
    (42,466)   1
    (42,469)   1
    (42,492)   1
    (43,43)   1
    (48,7)   1
    (48,48)   1
    (49,7)   1
    (49,49)   1
    (50,7)   1
    (50,50)   1
    (57,7)   1
    (57,57)   1
    (58,7)   1
    (58,58)   1
    (59,7)   1
    (59,59)   1
    (60,60)   1
    (86,86)   1
    (92,92)   1
    (92,182)   1
    (94,94)   1
    (100,100)   1
    (110,110)   1
    (112,11)   1
    (112,111)   1
    (112,112)   1
    (112,286)   1
    (112,392)   1
    (113,11)   1
    (113,111)   1
    (113,113)   1
    (113,286)   1
    (113,392)   1
    (114,11)   1
    (114,111)   1
    (114,114)   1
    (114,286)   1
    (114,392)   1
    (122,14)   1
    (122,122)   1
    (127,127)   1
    (127,131)   1
    (130,13)   1
    (130,15)   1
    (130,121)   1
    (130,123)   1
    (130,124)   1
    (130,125)   1
    (130,126)   1
    (130,128)   1
    (130,129)   1
    (130,130)   1
    (130,133)   1
    (130,134)   1
    (130,137)   1
    (130,138)   1
    (130,139)   1
    (130,141)   1
    (130,146)   1
    (130,152)   1
    (130,155)   1
    (130,164)   1
    (130,165)   1
    (130,358)   1
    (130,380)   1
    (130,382)   1
    (130,395)   1
    (130,434)   1
    (130,463)   1
    (130,500)   1
    (132,132)   1
    (142,142)   1
    (143,143)   1
    (143,426)   1
    (143,438)   1
    (147,147)   1
    (151,151)   1
    (154,154)   1
    (156,156)   1
    (157,157)   1
    (158,158)   1
    (159,159)   1
    (159,363)   1
    (161,161)   1
    (161,363)   1
    (163,163)   1
    (163,363)   1
    (166,166)   1
    (167,167)   1
    (181,17)   1
    (181,181)   1
    (181,183)   1
    (184,17)   1
    (184,183)   1
    (184,184)   1
    (184,439)   1
    (184,443)   1
    (184,467)   1
    (184,471)   1
    (184,488)   1
    (184,490)   1
    (184,499)   1
    (194,173)   1
    (194,194)   1
    (194,212)   1
    (194,287)   1
    (194,290)   1
    (216,216)   1
    (217,217)   1
    (221,221)   1
    (249,20)   1
    (249,21)   1
    (249,22)   1
    (249,23)   1
    (249,25)   1
    (249,26)   1
    (249,45)   1
    (249,65)   1
    (249,66)   1
    (249,218)   1
    (249,249)   1
    (249,250)   1
    (249,251)   1
    (249,252)   1
    (249,253)   1
    (249,254)   1
    (249,255)   1
    (249,256)   1
    (259,259)   1
    (261,24)   1
    (261,160)   1
    (261,261)   1
    (261,262)   1
    (261,263)   1
    (261,264)   1
    (261,265)   1
    (261,266)   1
    (261,267)   1
    (261,268)   1
    (261,269)   1
    (261,270)   1
    (261,271)   1
    (261,272)   1
    (261,273)   1
    (261,274)   1
    (261,275)   1
    (261,276)   1
    (261,277)   1
    (261,278)   1
    (261,279)   1
    (261,280)   1
    (261,281)   1
    (282,27)   1
    (282,282)   1
    (285,32)   1
    (285,106)   1
    (285,285)   1
    (293,33)   1
    (293,288)   1
    (293,293)   1
    (293,304)   1
    (294,33)   1
    (294,294)   1
    (295,34)   1
    (295,295)   1
    (296,34)   1
    (296,296)   1
    (297,34)   1
    (297,297)   1
    (298,35)   1
    (298,162)   1
    (298,298)   1
    (299,35)   1
    (299,299)   1
    (301,36)   1
    (301,301)   1
    (302,37)   1
    (302,302)   1
    (306,306)   1
    (307,39)   1
    (307,40)   1
    (307,303)   1
    (307,307)   1
    (308,308)   1
    (309,309)   1
    (310,310)   1
    (312,312)   1
    (312,409)   1
    (334,334)   1
    (335,5)   1
    (335,46)   1
    (335,315)   1
    (335,316)   1
    (335,317)   1
    (335,318)   1
    (335,319)   1
    (335,320)   1
    (335,321)   1
    (335,322)   1
    (335,323)   1
    (335,324)   1
    (335,325)   1
    (335,326)   1
    (335,327)   1
    (335,328)   1
    (335,329)   1
    (335,330)   1
    (335,331)   1
    (335,332)   1
    (335,333)   1
    (335,335)   1
    (335,417)   1
    (337,51)   1
    (337,336)   1
    (337,337)   1
    (337,339)   1
    (337,341)   1
    (337,343)   1
    (338,338)   1
    (340,340)   1
    (347,347)   1
    (349,349)   1
    (350,350)   1
    (351,351)   1
    (353,149)   1
    (353,353)   1
    (355,355)   1
    (356,356)   1
    (357,357)   1
    (364,364)   1
    (365,365)   1
    (365,459)   1
    (366,201)   1
    (366,366)   1
    (368,368)   1
    (369,369)   1
    (370,370)   1
    (372,372)   1
    (373,149)   1
    (373,373)   1
    (374,374)   1
    (374,427)   1
    (375,375)   1
    (376,376)   1
    (385,145)   1
    (385,148)   1
    (385,385)   1
    (387,387)   1
    (388,388)   1
    (390,390)   1
    (394,393)   1
    (394,394)   1
    (396,396)   1
    (397,397)   1
    (399,399)   1
    (400,400)   1
    (401,401)   1
    (405,405)   1
    (406,406)   1
    (412,412)   1
    (413,413)   1
    (416,416)   1
    (418,418)   1
    (423,423)   1
    (429,429)   1
    (433,433)   1
    (435,135)   1
    (435,435)   1
    (436,436)   1
    (440,440)   1
    (442,442)   1
    (445,445)   1
    (447,447)   1
    (449,449)   1
    (452,452)   1
    (456,144)   1
    (456,456)   1
    (458,458)   1
    (458,459)   1
    (472,472)   1
    (473,473)   1
    (474,474)   1
    (480,480)   1
    (481,481)   1
    (485,485)   1
    (487,201)   1
    (487,487)   1
    (493,493)   1
    (494,494)   1

