include: SuiteSparse:GraphBLAS v7.4.4 [Mar 25, 2023]
library: SuiteSparse:GraphBLAS v7.4.4 [Mar 25, 2023]
matrix: /home/quilicam/mat/Harvard500/Harvard500.mtx
[.mtx]
Reading matrix market file: /home/quilicam/mat/Harvard500/Harvard500.mtx
read time: 0.00114613
Input Matrix:
End of iteration 0
Total = 173.911874
Streak = 0

End of iteration 1
Total = 214.853464
Streak = 0

End of iteration 2
Total = 307.099430
Streak = 0

End of iteration 3
Total = 357.542240
Streak = 0

End of iteration 4
Total = 388.356468
Streak = 0

End of iteration 5
Total = 460.176944
Streak = 0

End of iteration 6
Total = 474.021506
Streak = 0

End of iteration 7
Total = 478.343782
Streak = 0

End of iteration 8
Total = 480.863578
Streak = 0

End of iteration 9
Total = 482.252772
Streak = 0

End of iteration 10
Total = 483.241406
Streak = 0

End of iteration 11
Total = 483.890027
Streak = 0

End of iteration 12
Total = 484.097978
Streak = 0

End of iteration 13
Total = 484.160391
Streak = 0

End of iteration 14
Total = 484.190069
Streak = 0

End of iteration 15
Total = 484.265618
Streak = 0

End of iteration 16
Total = 484.501410
Streak = 0

End of iteration 17
Total = 484.778040
Streak = 0

End of iteration 18
Total = 484.832489
Streak = 0

End of iteration 19
Total = 484.833333
Streak = 0

End of iteration 20
Total = 484.833333
Streak = 1

End of iteration 21
Total = 484.833333
Streak = 2

End of iteration 22
Total = 484.833333
Streak = 3

End of iteration 23
Total = 484.833333
Streak = 4

End of iteration 24
Total = 484.833333
Streak = 5

End of iteration 25
Total = 484.833333
Streak = 6

End of iteration 26
Total = 484.833333
Streak = 7

End of iteration 27
Total = 484.833333
Streak = 8

End of iteration 28
Total = 484.833333
Streak = 9

End of iteration 29
Total = 484.833333
Streak = 10

Terminated after 30 iterations

  500x500 GraphBLAS int64_t matrix, sparse by row
  C_temp_int64, 541 entries, memory: 12.6 KB

    (5,0)   100
    (5,1)   100
    (5,5)   100
    (5,7)   100
    (5,8)   100
    (5,18)   100
    (5,27)   100
    (5,29)   100
    (5,43)   100
    (5,46)   100
    (5,51)   100
    (5,52)   100
    (5,53)   100
    (5,54)   100
    (5,55)   100
    (5,61)   100
    (5,62)   100
    (5,63)   100
    (5,66)   100
    (5,67)   100
    (5,68)   100
    (5,69)   100
    (5,70)   100
    (5,71)   100
    (5,72)   100
    (5,73)   100
    (5,74)   100
    (5,75)   100
    (5,76)   100
    ...

  500x1 GraphBLAS int64_t vector, bitmap by col
  cs_row_vals, 126 entries, memory: 4.6 KB

    (5,0)   6568600
    (9,0)   1298200
    (30,0)   138100
    (37,0)   129000
    (41,0)   3693900
    (42,0)   98600
    (47,0)   85438
    (48,0)   80838
    (49,0)   31238
    (56,0)   44238
    (57,0)   89738
    (58,0)   14038
    (59,0)   14700
    (85,0)   56700
    (91,0)   86400
    (93,0)   16700
    (99,0)   57000
    (109,0)   112175
    (111,0)   89775
    (112,0)   137875
    (113,0)   114575
    (121,0)   70100
    (126,0)   71250
    (129,0)   1327500
    (131,0)   69750
    (141,0)   76200
    (142,0)   72400
    (146,0)   45500
    (150,0)   92600
    (153,0)   27200
    (155,0)   23300
    (156,0)   33100
    (157,0)   95500
    (158,0)   111196
    (160,0)   62196
    (162,0)   41396
    (165,0)   55100
    (166,0)   57700
    (180,0)   328100
    (183,0)   348200
    (193,0)   271700
    (215,0)   21200
    (216,0)   7800
    (220,0)   59200
    (248,0)   948500
    (258,0)   69700
    (260,0)   1041000
    (281,0)   89200
    (284,0)   109600
    (292,0)   286250
    (293,0)   90550
    (294,0)   58178
    (295,0)   25978
    (296,0)   66878
    (297,0)   95850
    (298,0)   59150
    (300,0)   94400
    (301,0)   72700
    (305,0)   23500
    (306,0)   276500
    (307,0)   53900
    (308,0)   20400
    (309,0)   56500
    (311,0)   52200
    (333,0)   63600
    (334,0)   1035000
    (336,0)   388100
    (337,0)   92500
    (339,0)   40800
    (346,0)   71100
    (348,0)   95800
    (349,0)   11800
    (350,0)   90000
    (352,0)   101750
    (354,0)   48300
    (355,0)   100900
    (356,0)   14500
    (363,0)   11700
    (364,0)   123750
    (365,0)   109200
    (367,0)   64600
    (368,0)   86400
    (369,0)   84900
    (371,0)   3800
    (372,0)   36450
    (373,0)   132900
    (374,0)   20300
    (375,0)   45200
    (384,0)   117400
    (386,0)   89600
    (387,0)   60800
    (389,0)   37300
    (393,0)   114300
    (395,0)   31700
    (396,0)   55100
    (398,0)   95300
    (399,0)   75700
    (400,0)   24200
    (404,0)   76300
    (405,0)   97900
    (411,0)   93100
    (412,0)   3600
    (415,0)   49900
    (417,0)   35200
    (422,0)   20800
    (428,0)   43400
    (432,0)   52100
    (434,0)   48900
    (435,0)   62700
    (439,0)   80200
    (441,0)   48900
    (444,0)   44100
    (446,0)   63600
    (448,0)   22500
    (451,0)   28200
    (455,0)   49500
    (457,0)   118950
    (471,0)   10800
    (472,0)   43100
    (473,0)   40700
    (479,0)   14300
    (480,0)   93600
    (484,0)   57400
    (486,0)   122800
    (492,0)   31500
    (493,0)   16100


  500x500 GraphBLAS double matrix, sparse by row
  C_temp, 541 entries, memory: 12.6 KB

    (5,0)    100
    (5,1)    100
    (5,5)    100
    (5,7)    100
    (5,8)    100
    (5,18)    100
    (5,27)    100
    (5,29)    100
    (5,43)    100
    (5,46)    100
    (5,51)    100
    (5,52)    100
    (5,53)    100
    (5,54)    100
    (5,55)    100
    (5,61)    100
    (5,62)    100
    (5,63)    100
    (5,66)    100
    (5,67)    100
    (5,68)    100
    (5,69)    100
    (5,70)    100
    (5,71)    100
    (5,72)    100
    (5,73)    100
    (5,74)    100
    (5,75)    100
    (5,76)    100
    (5,77)    100
    (5,78)    100
    (5,79)    100
    (5,80)    100
    (5,81)    100
    (5,82)    100
    (5,83)    100
    (5,84)    100
    (5,86)    100
    (5,87)    100
    (5,88)    100
    (5,89)    100
    (5,90)    100
    (5,108)    100
    (5,115)    100
    (5,117)    100
    (5,135)    100
    (5,149)    100
    (5,152)    100
    (5,167)    100
    (5,174)    100
    (5,187)    100
    (5,190)    100
    (5,192)    100
    (5,194)    100
    (5,203)    100
    (5,206)    100
    (5,221)    100
    (5,225)    100
    (5,228)    100
    (5,229)    100
    (5,230)    100
    (5,231)    100
    (5,232)    100
    (5,233)    100
    (5,234)    100
    (5,235)    100
    (5,236)    100
    (5,237)    100
    (5,238)    100
    (5,239)    100
    (5,240)    100
    (5,241)    100
    (5,242)    100
    (5,243)    100
    (5,244)    100
    (5,245)    100
    (5,246)    100
    (5,247)    100
    (5,257)    100
    (5,259)    100
    (5,282)    100
    (5,283)    100
    (5,288)    100
    (5,291)    100
    (5,304)    100
    (5,310)    100
    (5,312)    100
    (5,313)    100
    (5,341)    100
    (5,343)    100
    (5,344)    100
    (5,345)    100
    (5,351)    100
    (5,359)    100
    (5,361)    100
    (5,370)    100
    (5,376)    100
    (5,377)    50
    (5,380)    100
    (5,382)    100
    (5,383)    100
    (5,385)    100
    (5,388)    100
    (5,390)    100
    (5,397)    100
    (5,406)    100
    (5,409)    100
    (5,410)    100
    (5,413)    100
    (5,418)    100
    (5,419)    100
    (5,423)    100
    (5,424)    100
    (5,429)    100
    (5,430)    100
    (5,436)    100
    (5,445)    100
    (5,447)    100
    (5,449)    100
    (5,450)    100
    (5,452)    100
    (5,453)    100
    (5,454)    100
    (5,456)    100
    (5,460)    100
    (5,461)    100
    (5,463)    100
    (5,467)    100
    (5,469)    100
    (5,474)    100
    (5,475)    100
    (5,476)    100
    (5,478)    100
    (5,481)    100
    (5,482)    100
    (5,485)    100
    (5,488)    100
    (5,490)    100
    (5,494)    100
    (5,495)    100
    (5,496)    100
    (5,497)    100
    (9,9)    100
    (9,92)    100
    (9,94)    100
    (9,95)    100
    (9,96)    100
    (9,97)    100
    (9,98)    100
    (9,100)    100
    (9,101)    100
    (9,102)    100
    (9,103)    100
    (9,104)    100
    (9,106)    100
    (9,107)    100
    (9,299)    100
    (9,347)    100
    (9,378)    100
    (9,420)    100
    (9,440)    100
    (9,464)    100
    (9,477)    100
    (9,483)    100
    (30,2)    50
    (30,30)    100
    (30,40)    50
    (30,403)    50
    (30,414)    100
    (37,2)    50
    (37,37)    100
    (37,40)    50
    (37,403)    50
    (41,3)    100
    (41,11)    100
    (41,15)    100
    (41,17)    100
    (41,26)    50
    (41,28)    100
    (41,41)    100
    (41,60)    100
    (41,114)    100
    (41,116)    100
    (41,118)    100
    (41,119)    100
    (41,139)    100
    (41,168)    100
    (41,169)    100
    (41,170)    100
    (41,171)    100
    (41,173)    100
    (41,175)    100
    (41,176)    100
    (41,177)    100
    (41,178)    100
    (41,179)    100
    (41,184)    100
    (41,185)    100
    (41,186)    100
    (41,188)    100
    (41,189)    100
    (41,191)    100
    (41,195)    100
    (41,196)    100
    (41,197)    100
    (41,198)    100
    (41,199)    100
    (41,201)    100
    (41,202)    100
    (41,204)    100
    (41,205)    100
    (41,207)    100
    (41,208)    100
    (41,209)    100
    (41,210)    100
    (41,212)    100
    (41,213)    100
    (41,214)    100
    (41,218)    100
    (41,219)    100
    (41,222)    100
    (41,223)    100
    (41,224)    100
    (41,226)    100
    (41,227)    100
    (41,256)    100
    (41,290)    100
    (41,353)    100
    (41,358)    100
    (41,360)    100
    (41,366)    100
    (41,377)    50
    (41,401)    100
    (41,402)    100
    (41,407)    100
    (41,421)    100
    (41,427)    100
    (41,431)    100
    (41,443)    100
    (41,459)    100
    (41,465)    100
    (41,468)    100
    (41,491)    100
    (42,42)    100
    (47,6)    16.6667
    (47,47)    100
    (48,6)    16.6667
    (48,48)    100
    (49,6)    16.6667
    (49,49)    100
    (56,6)    16.6667
    (56,56)    100
    (57,6)    16.6667
    (57,57)    100
    (58,6)    16.6667
    (58,58)    100
    (59,59)    100
    (85,85)    100
    (91,91)    100
    (91,181)    100
    (93,93)    100
    (99,99)    100
    (109,10)    25
    (109,109)    100
    (109,110)    25
    (109,285)    25
    (109,391)    25
    (111,10)    25
    (111,110)    25
    (111,111)    100
    (111,285)    25
    (111,391)    25
    (112,10)    25
    (112,110)    25
    (112,112)    100
    (112,285)    25
    (112,391)    25
    (113,10)    25
    (113,110)    25
    (113,113)    100
    (113,285)    25
    (113,391)    25
    (121,13)    100
    (121,121)    100
    (126,126)    100
    (126,130)    50
    (129,12)    100
    (129,14)    100
    (129,120)    100
    (129,122)    100
    (129,123)    100
    (129,124)    100
    (129,125)    100
    (129,127)    100
    (129,128)    100
    (129,129)    100
    (129,132)    100
    (129,133)    100
    (129,136)    100
    (129,137)    100
    (129,138)    100
    (129,140)    100
    (129,145)    100
    (129,151)    100
    (129,154)    100
    (129,163)    100
    (129,164)    100
    (129,357)    100
    (129,379)    100
    (129,381)    100
    (129,394)    100
    (129,433)    100
    (129,462)    100
    (129,499)    100
    (131,130)    50
    (131,131)    100
    (141,141)    100
    (142,142)    100
    (142,425)    100
    (142,437)    100
    (146,146)    100
    (150,150)    100
    (153,153)    100
    (155,155)    100
    (156,156)    100
    (157,157)    100
    (158,158)    100
    (158,362)    33.3333
    (160,160)    100
    (160,362)    33.3333
    (162,162)    100
    (162,362)    33.3333
    (165,165)    100
    (166,166)    100
    (180,16)    50
    (180,180)    100
    (180,182)    50
    (180,438)    50
    (180,442)    50
    (180,466)    50
    (180,470)    50
    (180,487)    50
    (180,489)    50
    (180,498)    50
    (183,16)    50
    (183,182)    50
    (183,183)    100
    (183,438)    50
    (183,442)    50
    (183,466)    50
    (183,470)    50
    (183,487)    50
    (183,489)    50
    (183,498)    50
    (193,172)    100
    (193,193)    100
    (193,211)    100
    (193,286)    100
    (193,289)    100
    (215,215)    100
    (216,216)    100
    (220,220)    100
    (248,19)    100
    (248,20)    100
    (248,21)    100
    (248,22)    100
    (248,24)    100
    (248,25)    100
    (248,44)    100
    (248,64)    100
    (248,65)    100
    (248,217)    100
    (248,248)    100
    (248,249)    100
    (248,250)    100
    (248,251)    100
    (248,252)    100
    (248,253)    100
    (248,254)    100
    (248,255)    100
    (258,258)    100
    (260,23)    100
    (260,159)    100
    (260,260)    100
    (260,261)    100
    (260,262)    100
    (260,263)    100
    (260,264)    100
    (260,265)    100
    (260,266)    100
    (260,267)    100
    (260,268)    100
    (260,269)    100
    (260,270)    100
    (260,271)    100
    (260,272)    100
    (260,273)    100
    (260,274)    100
    (260,275)    100
    (260,276)    100
    (260,277)    100
    (260,278)    100
    (260,279)    100
    (260,280)    100
    (281,26)    50
    (281,281)    100
    (284,31)    100
    (284,105)    100
    (284,284)    100
    (292,32)    50
    (292,287)    100
    (292,292)    100
    (292,303)    100
    (293,32)    50
    (293,293)    100
    (294,33)    33.3333
    (294,294)    100
    (295,33)    33.3333
    (295,295)    100
    (296,33)    33.3333
    (296,296)    100
    (297,34)    50
    (297,161)    100
    (297,297)    100
    (298,34)    50
    (298,298)    100
    (300,35)    100
    (300,300)    100
    (301,36)    100
    (301,301)    100
    (305,305)    100
    (306,38)    100
    (306,39)    100
    (306,302)    100
    (306,306)    100
    (307,307)    100
    (308,308)    100
    (309,309)    100
    (311,311)    100
    (311,408)    100
    (333,333)    100
    (334,4)    100
    (334,45)    100
    (334,314)    100
    (334,315)    100
    (334,316)    100
    (334,317)    100
    (334,318)    100
    (334,319)    100
    (334,320)    100
    (334,321)    100
    (334,322)    100
    (334,323)    100
    (334,324)    100
    (334,325)    100
    (334,326)    100
    (334,327)    100
    (334,328)    100
    (334,329)    100
    (334,330)    100
    (334,331)    100
    (334,332)    100
    (334,334)    100
    (334,416)    100
    (336,50)    100
    (336,335)    100
    (336,336)    100
    (336,338)    100
    (336,340)    100
    (336,342)    100
    (337,337)    100
    (339,339)    100
    (346,346)    100
    (348,348)    100
    (349,349)    100
    (350,350)    100
    (352,148)    50
    (352,352)    100
    (354,354)    100
    (355,355)    100
    (356,356)    100
    (363,363)    100
    (364,364)    100
    (364,458)    50
    (365,200)    50
    (365,365)    100
    (367,367)    100
    (368,368)    100
    (369,369)    100
    (371,371)    100
    (372,148)    50
    (372,372)    100
    (373,373)    100
    (373,426)    100
    (374,374)    100
    (375,375)    100
    (384,144)    100
    (384,147)    100
    (384,384)    100
    (386,386)    100
    (387,387)    100
    (389,389)    100
    (393,392)    100
    (393,393)    100
    (395,395)    100
    (396,396)    100
    (398,398)    100
    (399,399)    100
    (400,400)    100
    (404,404)    100
    (405,405)    100
    (411,411)    100
    (412,412)    100
    (415,415)    100
    (417,417)    100
    (422,422)    100
    (428,428)    100
    (432,432)    100
    (434,134)    100
    (434,434)    100
    (435,435)    100
    (439,439)    100
    (441,441)    100
    (444,444)    100
    (446,446)    100
    (448,448)    100
    (451,451)    100
    (455,143)    100
    (455,455)    100
    (457,457)    100
    (457,458)    50
    (471,471)    100
    (472,472)    100
    (473,473)    100
    (479,479)    100
    (480,480)    100
    (484,484)    100
    (486,200)    50
    (486,486)    100
    (492,492)    100
    (493,493)    100


  500x500 GraphBLAS int64_t matrix, sparse by row
  C_scaled, 541 entries, memory: 12.6 KB

    (5,0)   28200
    (5,1)   18500
    (5,5)   37200
    (5,7)   10100
    (5,8)   36600
    (5,18)   75800
    (5,27)   72000
    (5,29)   36500
    (5,43)   87700
    (5,46)   14100
    (5,51)   26900
    (5,52)   34500
    (5,53)   17000
    (5,54)   94300
    (5,55)   100800
    (5,61)   29100
    (5,62)   54600
    (5,63)   76900
    (5,66)   45400
    (5,67)   31800
    (5,68)   33300
    (5,69)   58200
    (5,70)   19400
    (5,71)   3300
    (5,72)   73500
    (5,73)   52200
    (5,74)   25200
    (5,75)   40900
    (5,76)   94200
    ...

  500x1 GraphBLAS int64_t vector, bitmap by col
  cs_row_vals, 126 entries, memory: 4.6 KB

    (5,0)   6568600
    (9,0)   1298200
    (30,0)   138100
    (37,0)   129000
    (41,0)   3693900
    (42,0)   98600
    (47,0)   85438
    (48,0)   80838
    (49,0)   31238
    (56,0)   44238
    (57,0)   89738
    (58,0)   14038
    (59,0)   14700
    (85,0)   56700
    (91,0)   86400
    (93,0)   16700
    (99,0)   57000
    (109,0)   112175
    (111,0)   89775
    (112,0)   137875
    (113,0)   114575
    (121,0)   70100
    (126,0)   71250
    (129,0)   1327500
    (131,0)   69750
    (141,0)   76200
    (142,0)   72400
    (146,0)   45500
    (150,0)   92600
    (153,0)   27200
    (155,0)   23300
    (156,0)   33100
    (157,0)   95500
    (158,0)   111196
    (160,0)   62196
    (162,0)   41396
    (165,0)   55100
    (166,0)   57700
    (180,0)   328100
    (183,0)   348200
    (193,0)   271700
    (215,0)   21200
    (216,0)   7800
    (220,0)   59200
    (248,0)   948500
    (258,0)   69700
    (260,0)   1041000
    (281,0)   89200
    (284,0)   109600
    (292,0)   286250
    (293,0)   90550
    (294,0)   58178
    (295,0)   25978
    (296,0)   66878
    (297,0)   95850
    (298,0)   59150
    (300,0)   94400
    (301,0)   72700
    (305,0)   23500
    (306,0)   276500
    (307,0)   53900
    (308,0)   20400
    (309,0)   56500
    (311,0)   52200
    (333,0)   63600
    (334,0)   1035000
    (336,0)   388100
    (337,0)   92500
    (339,0)   40800
    (346,0)   71100
    (348,0)   95800
    (349,0)   11800
    (350,0)   90000
    (352,0)   101750
    (354,0)   48300
    (355,0)   100900
    (356,0)   14500
    (363,0)   11700
    (364,0)   123750
    (365,0)   109200
    (367,0)   64600
    (368,0)   86400
    (369,0)   84900
    (371,0)   3800
    (372,0)   36450
    (373,0)   132900
    (374,0)   20300
    (375,0)   45200
    (384,0)   117400
    (386,0)   89600
    (387,0)   60800
    (389,0)   37300
    (393,0)   114300
    (395,0)   31700
    (396,0)   55100
    (398,0)   95300
    (399,0)   75700
    (400,0)   24200
    (404,0)   76300
    (405,0)   97900
    (411,0)   93100
    (412,0)   3600
    (415,0)   49900
    (417,0)   35200
    (422,0)   20800
    (428,0)   43400
    (432,0)   52100
    (434,0)   48900
    (435,0)   62700
    (439,0)   80200
    (441,0)   48900
    (444,0)   44100
    (446,0)   63600
    (448,0)   22500
    (451,0)   28200
    (455,0)   49500
    (457,0)   118950
    (471,0)   10800
    (472,0)   43100
    (473,0)   40700
    (479,0)   14300
    (480,0)   93600
    (484,0)   57400
    (486,0)   122800
    (492,0)   31500
    (493,0)   16100


  500x1 GraphBLAS int64_t vector, bitmap by col
  vals, 126 entries, memory: 4.6 KB

    (0,0)   3600
    (1,0)   3800
    (2,0)   7800
    (3,0)   10800
    (4,0)   11700
    (5,0)   11800
    (6,0)   14038
    (7,0)   14300
    (8,0)   14500
    (9,0)   14700
    (10,0)   16100
    (11,0)   16700
    (12,0)   20300
    (13,0)   20400
    (14,0)   20800
    (15,0)   21200
    (16,0)   22500
    (17,0)   23300
    (18,0)   23500
    (19,0)   24200
    (20,0)   25978
    (21,0)   27200
    (22,0)   28200
    (23,0)   31238
    (24,0)   31500
    (25,0)   31700
    (26,0)   33100
    (27,0)   35200
    (28,0)   36450
    (29,0)   37300
    (30,0)   40700
    (31,0)   40800
    (32,0)   41396
    (33,0)   43100
    (34,0)   43400
    (35,0)   44100
    (36,0)   44238
    (37,0)   45200
    (38,0)   45500
    (39,0)   48300
    (40,0)   48900
    (41,0)   48900
    (42,0)   49500
    (43,0)   49900
    (44,0)   52100
    (45,0)   52200
    (46,0)   53900
    (47,0)   55100
    (48,0)   55100
    (49,0)   56500
    (50,0)   56700
    (51,0)   57000
    (52,0)   57400
    (53,0)   57700
    (54,0)   58178
    (55,0)   59150
    (56,0)   59200
    (57,0)   60800
    (58,0)   62196
    (59,0)   62700
    (60,0)   63600
    (61,0)   63600
    (62,0)   64600
    (63,0)   66878
    (64,0)   69700
    (65,0)   69750
    (66,0)   70100
    (67,0)   71100
    (68,0)   71250
    (69,0)   72400
    (70,0)   72700
    (71,0)   75700
    (72,0)   76200
    (73,0)   76300
    (74,0)   80200
    (75,0)   80838
    (76,0)   84900
    (77,0)   85438
    (78,0)   86400
    (79,0)   86400
    (80,0)   89200
    (81,0)   89600
    (82,0)   89738
    (83,0)   89775
    (84,0)   90000
    (85,0)   90550
    (86,0)   92500
    (87,0)   92600
    (88,0)   93100
    (89,0)   93600
    (90,0)   94400
    (91,0)   95300
    (92,0)   95500
    (93,0)   95800
    (94,0)   95850
    (95,0)   97900
    (96,0)   98600
    (97,0)   100900
    (98,0)   101750
    (99,0)   109200
    (100,0)   109600
    (101,0)   111196
    (102,0)   112175
    (103,0)   114300
    (104,0)   114575
    (105,0)   117400
    (106,0)   118950
    (107,0)   122800
    (108,0)   123750
    (109,0)   129000
    (110,0)   132900
    (111,0)   137875
    (112,0)   138100
    (113,0)   271700
    (114,0)   276500
    (115,0)   286250
    (116,0)   328100
    (117,0)   348200
    (118,0)   388100
    (119,0)   948500
    (120,0)   1035000
    (121,0)   1041000
    (122,0)   1298200
    (123,0)   1327500
    (124,0)   3693900
    (125,0)   6568600


  500x1 GraphBLAS int64_t vector, bitmap by col
  perm, 126 entries, memory: 4.6 KB

    (0,0)   412
    (1,0)   371
    (2,0)   216
    (3,0)   471
    (4,0)   363
    (5,0)   349
    (6,0)   58
    (7,0)   479
    (8,0)   356
    (9,0)   59
    (10,0)   493
    (11,0)   93
    (12,0)   374
    (13,0)   308
    (14,0)   422
    (15,0)   215
    (16,0)   448
    (17,0)   155
    (18,0)   305
    (19,0)   400
    (20,0)   295
    (21,0)   153
    (22,0)   451
    (23,0)   49
    (24,0)   492
    (25,0)   395
    (26,0)   156
    (27,0)   417
    (28,0)   372
    (29,0)   389
    (30,0)   473
    (31,0)   339
    (32,0)   162
    (33,0)   472
    (34,0)   428
    (35,0)   444
    (36,0)   56
    (37,0)   375
    (38,0)   146
    (39,0)   354
    (40,0)   434
    (41,0)   441
    (42,0)   455
    (43,0)   415
    (44,0)   432
    (45,0)   311
    (46,0)   307
    (47,0)   165
    (48,0)   396
    (49,0)   309
    (50,0)   85
    (51,0)   99
    (52,0)   484
    (53,0)   166
    (54,0)   294
    (55,0)   298
    (56,0)   220
    (57,0)   387
    (58,0)   160
    (59,0)   435
    (60,0)   333
    (61,0)   446
    (62,0)   367
    (63,0)   296
    (64,0)   258
    (65,0)   131
    (66,0)   121
    (67,0)   346
    (68,0)   126
    (69,0)   142
    (70,0)   301
    (71,0)   399
    (72,0)   141
    (73,0)   404
    (74,0)   439
    (75,0)   48
    (76,0)   369
    (77,0)   47
    (78,0)   91
    (79,0)   368
    (80,0)   281
    (81,0)   386
    (82,0)   57
    (83,0)   111
    (84,0)   350
    (85,0)   293
    (86,0)   337
    (87,0)   150
    (88,0)   411
    (89,0)   480
    (90,0)   300
    (91,0)   398
    (92,0)   157
    (93,0)   348
    (94,0)   297
    (95,0)   405
    (96,0)   42
    (97,0)   355
    (98,0)   352
    (99,0)   365
    (100,0)   284
    (101,0)   158
    (102,0)   109
    (103,0)   393
    (104,0)   113
    (105,0)   384
    (106,0)   457
    (107,0)   486
    (108,0)   364
    (109,0)   37
    (110,0)   373
    (111,0)   112
    (112,0)   30
    (113,0)   193
    (114,0)   306
    (115,0)   292
    (116,0)   180
    (117,0)   183
    (118,0)   336
    (119,0)   248
    (120,0)   334
    (121,0)   260
    (122,0)   9
    (123,0)   129
    (124,0)   41
    (125,0)   5

  3600    3800    7800    10800    11700    11800    14038    14300    14500    14700    16100    16700    20300    20400    20800    21200    22500    23300    23500    24200    25978    27200    28200    31238    31500    31700    33100    35200    36450    37300    40700    40800    41396    43100    43400    44100    44238    45200    45500    48300    48900    48900    49500    49900    52100    52200    53900    55100    55100    56500    56700    57000    57400    57700    58178    59150    59200    60800    62196    62700    63600    63600    64600    66878    69700    69750    70100    71100    71250    72400    72700    75700    76200    76300    80200    80838    84900    85438    86400    86400    89200    89600    89738    89775    90000    90550    92500    92600    93100    93600    94400    95300    95500    95800    95850    97900    98600    100900    101750    109200    109600    111196    112175    114300    114575    117400    118950    122800    123750    129000    132900    137875    138100    271700    276500    286250    328100    348200    388100    948500    1035000    1041000    1298200    1327500    3693900    6568600  


  441    396    446    368    11700    11800    14038    14300    14500    14700    16100    16700    20300    20400    20800    21200    22500    23300    23500    24200    25978    27200    28200    31238    31500    31700    33100    35200    36450    37300    40700    40800    41396    43100    43400    44100    44238    45200    45500    48300    48900    48900    49500    49900    52100    52200    53900    55100    55100    56500    56700    57000    57400    57700    58178    59150    59200    60800    62196    62700    63600    63600    64600    66878    69700    69750    70100    71100    71250    72400    72700    75700    76200    76300    80200    80838    84900    85438    86400    86400    89200    89600    89738    89775    90000    90550    92500    92600    93100    93600    94400    95300    95500    95800    95850    97900    98600    100900    101750    109200    109600    111196    112175    114300    114575    117400    118950    122800    123750    129000    132900    137875    138100    271700    276500    286250    328100    348200    388100    948500    1035000    1041000    1298200    1327500    3693900    6568600  


  441    396    446    368  
sum = 1651

  500x500 GraphBLAS int64_t matrix, sparse by row
  C_temp_int64, 541 entries, memory: 12.6 KB

    (5,0)   100
    (5,1)   100
    (5,5)   100
    (5,7)   100
    (5,8)   100
    (5,18)   100
    (5,27)   100
    (5,29)   100
    (5,43)   100
    (5,46)   100
    (5,51)   100
    (5,52)   100
    (5,53)   100
    (5,54)   100
    (5,55)   100
    (5,61)   100
    (5,62)   100
    (5,63)   100
    (5,66)   100
    (5,67)   100
    (5,68)   100
    (5,69)   100
    (5,70)   100
    (5,71)   100
    (5,72)   100
    (5,73)   100
    (5,74)   100
    (5,75)   100
    (5,76)   100
    (5,77)   100
    (5,78)   100
    (5,79)   100
    (5,80)   100
    (5,81)   100
    (5,82)   100
    (5,83)   100
    (5,84)   100
    (5,86)   100
    (5,87)   100
    (5,88)   100
    (5,89)   100
    (5,90)   100
    (5,108)   100
    (5,115)   100
    (5,117)   100
    (5,135)   100
    (5,149)   100
    (5,152)   100
    (5,167)   100
    (5,174)   100
    (5,187)   100
    (5,190)   100
    (5,192)   100
    (5,194)   100
    (5,203)   100
    (5,206)   100
    (5,221)   100
    (5,225)   100
    (5,228)   100
    (5,229)   100
    (5,230)   100
    (5,231)   100
    (5,232)   100
    (5,233)   100
    (5,234)   100
    (5,235)   100
    (5,236)   100
    (5,237)   100
    (5,238)   100
    (5,239)   100
    (5,240)   100
    (5,241)   100
    (5,242)   100
    (5,243)   100
    (5,244)   100
    (5,245)   100
    (5,246)   100
    (5,247)   100
    (5,257)   100
    (5,259)   100
    (5,282)   100
    (5,283)   100
    (5,288)   100
    (5,291)   100
    (5,304)   100
    (5,310)   100
    (5,312)   100
    (5,313)   100
    (5,341)   100
    (5,343)   100
    (5,344)   100
    (5,345)   100
    (5,351)   100
    (5,359)   100
    (5,361)   100
    (5,370)   100
    (5,376)   100
    (5,377)   50
    (5,380)   100
    (5,382)   100
    (5,383)   100
    (5,385)   100
    (5,388)   100
    (5,390)   100
    (5,397)   100
    (5,406)   100
    (5,409)   100
    (5,410)   100
    (5,413)   100
    (5,418)   100
    (5,419)   100
    (5,423)   100
    (5,424)   100
    (5,429)   100
    (5,430)   100
    (5,436)   100
    (5,445)   100
    (5,447)   100
    (5,449)   100
    (5,450)   100
    (5,452)   100
    (5,453)   100
    (5,454)   100
    (5,456)   100
    (5,460)   100
    (5,461)   100
    (5,463)   100
    (5,467)   100
    (5,469)   100
    (5,474)   100
    (5,475)   100
    (5,476)   100
    (5,478)   100
    (5,481)   100
    (5,482)   100
    (5,485)   100
    (5,488)   100
    (5,490)   100
    (5,494)   100
    (5,495)   100
    (5,496)   100
    (5,497)   100
    (9,9)   100
    (9,92)   100
    (9,94)   100
    (9,95)   100
    (9,96)   100
    (9,97)   100
    (9,98)   100
    (9,100)   100
    (9,101)   100
    (9,102)   100
    (9,103)   100
    (9,104)   100
    (9,106)   100
    (9,107)   100
    (9,299)   100
    (9,347)   100
    (9,378)   100
    (9,420)   100
    (9,440)   100
    (9,464)   100
    (9,477)   100
    (9,483)   100
    (30,2)   50
    (30,30)   100
    (30,40)   50
    (30,403)   50
    (30,414)   100
    (37,2)   50
    (37,37)   100
    (37,40)   50
    (37,403)   50
    (41,3)   100
    (41,11)   100
    (41,15)   100
    (41,17)   100
    (41,26)   50
    (41,28)   100
    (41,41)   100
    (41,60)   100
    (41,114)   100
    (41,116)   100
    (41,118)   100
    (41,119)   100
    (41,139)   100
    (41,168)   100
    (41,169)   100
    (41,170)   100
    (41,171)   100
    (41,173)   100
    (41,175)   100
    (41,176)   100
    (41,177)   100
    (41,178)   100
    (41,179)   100
    (41,184)   100
    (41,185)   100
    (41,186)   100
    (41,188)   100
    (41,189)   100
    (41,191)   100
    (41,195)   100
    (41,196)   100
    (41,197)   100
    (41,198)   100
    (41,199)   100
    (41,201)   100
    (41,202)   100
    (41,204)   100
    (41,205)   100
    (41,207)   100
    (41,208)   100
    (41,209)   100
    (41,210)   100
    (41,212)   100
    (41,213)   100
    (41,214)   100
    (41,218)   100
    (41,219)   100
    (41,222)   100
    (41,223)   100
    (41,224)   100
    (41,226)   100
    (41,227)   100
    (41,256)   100
    (41,290)   100
    (41,353)   100
    (41,358)   100
    (41,360)   100
    (41,366)   100
    (41,377)   50
    (41,401)   100
    (41,402)   100
    (41,407)   100
    (41,421)   100
    (41,427)   100
    (41,431)   100
    (41,443)   100
    (41,459)   100
    (41,465)   100
    (41,468)   100
    (41,491)   100
    (42,42)   100
    (47,6)   17
    (47,47)   100
    (48,6)   17
    (48,48)   100
    (49,6)   17
    (49,49)   100
    (56,6)   17
    (56,56)   100
    (57,6)   17
    (57,57)   100
    (58,6)   17
    (58,58)   100
    (59,59)   100
    (85,85)   100
    (91,91)   100
    (91,181)   100
    (93,93)   100
    (99,99)   100
    (109,10)   25
    (109,109)   100
    (109,110)   25
    (109,285)   25
    (109,391)   25
    (111,10)   25
    (111,110)   25
    (111,111)   100
    (111,285)   25
    (111,391)   25
    (112,10)   25
    (112,110)   25
    (112,112)   100
    (112,285)   25
    (112,391)   25
    (113,10)   25
    (113,110)   25
    (113,113)   100
    (113,285)   25
    (113,391)   25
    (121,13)   100
    (121,121)   100
    (126,126)   100
    (126,130)   50
    (129,12)   100
    (129,14)   100
    (129,120)   100
    (129,122)   100
    (129,123)   100
    (129,124)   100
    (129,125)   100
    (129,127)   100
    (129,128)   100
    (129,129)   100
    (129,132)   100
    (129,133)   100
    (129,136)   100
    (129,137)   100
    (129,138)   100
    (129,140)   100
    (129,145)   100
    (129,151)   100
    (129,154)   100
    (129,163)   100
    (129,164)   100
    (129,357)   100
    (129,379)   100
    (129,381)   100
    (129,394)   100
    (129,433)   100
    (129,462)   100
    (129,499)   100
    (131,130)   50
    (131,131)   100
    (141,141)   100
    (142,142)   100
    (142,425)   100
    (142,437)   100
    (146,146)   100
    (150,150)   100
    (153,153)   100
    (155,155)   100
    (156,156)   100
    (157,157)   100
    (158,158)   100
    (158,362)   33
    (160,160)   100
    (160,362)   33
    (162,162)   100
    (162,362)   33
    (165,165)   100
    (166,166)   100
    (180,16)   50
    (180,180)   100
    (180,182)   50
    (180,438)   50
    (180,442)   50
    (180,466)   50
    (180,470)   50
    (180,487)   50
    (180,489)   50
    (180,498)   50
    (183,16)   50
    (183,182)   50
    (183,183)   100
    (183,438)   50
    (183,442)   50
    (183,466)   50
    (183,470)   50
    (183,487)   50
    (183,489)   50
    (183,498)   50
    (193,172)   100
    (193,193)   100
    (193,211)   100
    (193,286)   100
    (193,289)   100
    (215,215)   100
    (216,216)   100
    (220,220)   100
    (248,19)   100
    (248,20)   100
    (248,21)   100
    (248,22)   100
    (248,24)   100
    (248,25)   100
    (248,44)   100
    (248,64)   100
    (248,65)   100
    (248,217)   100
    (248,248)   100
    (248,249)   100
    (248,250)   100
    (248,251)   100
    (248,252)   100
    (248,253)   100
    (248,254)   100
    (248,255)   100
    (258,258)   100
    (260,23)   100
    (260,159)   100
    (260,260)   100
    (260,261)   100
    (260,262)   100
    (260,263)   100
    (260,264)   100
    (260,265)   100
    (260,266)   100
    (260,267)   100
    (260,268)   100
    (260,269)   100
    (260,270)   100
    (260,271)   100
    (260,272)   100
    (260,273)   100
    (260,274)   100
    (260,275)   100
    (260,276)   100
    (260,277)   100
    (260,278)   100
    (260,279)   100
    (260,280)   100
    (281,26)   50
    (281,281)   100
    (284,31)   100
    (284,105)   100
    (284,284)   100
    (292,32)   50
    (292,287)   100
    (292,292)   100
    (292,303)   100
    (293,32)   50
    (293,293)   100
    (294,33)   33
    (294,294)   100
    (295,33)   33
    (295,295)   100
    (296,33)   33
    (296,296)   100
    (297,34)   50
    (297,161)   100
    (297,297)   100
    (298,34)   50
    (298,298)   100
    (300,35)   100
    (300,300)   100
    (301,36)   100
    (301,301)   100
    (305,305)   100
    (306,38)   100
    (306,39)   100
    (306,302)   100
    (306,306)   100
    (307,307)   100
    (308,308)   100
    (309,309)   100
    (311,311)   100
    (311,408)   100
    (333,333)   100
    (334,4)   100
    (334,45)   100
    (334,314)   100
    (334,315)   100
    (334,316)   100
    (334,317)   100
    (334,318)   100
    (334,319)   100
    (334,320)   100
    (334,321)   100
    (334,322)   100
    (334,323)   100
    (334,324)   100
    (334,325)   100
    (334,326)   100
    (334,327)   100
    (334,328)   100
    (334,329)   100
    (334,330)   100
    (334,331)   100
    (334,332)   100
    (334,334)   100
    (334,416)   100
    (336,50)   100
    (336,335)   100
    (336,336)   100
    (336,338)   100
    (336,340)   100
    (336,342)   100
    (337,337)   100
    (339,339)   100
    (346,346)   100
    (348,348)   100
    (349,349)   100
    (350,350)   100
    (352,148)   50
    (352,352)   100
    (354,354)   100
    (355,355)   100
    (356,356)   100
    (363,363)   100
    (364,364)   100
    (364,458)   50
    (365,200)   50
    (365,365)   100
    (367,367)   100
    (368,368)   100
    (369,369)   100
    (371,371)   100
    (372,148)   50
    (372,372)   100
    (373,373)   100
    (373,426)   100
    (374,374)   100
    (375,375)   100
    (384,144)   100
    (384,147)   100
    (384,384)   100
    (386,386)   100
    (387,387)   100
    (389,389)   100
    (393,392)   100
    (393,393)   100
    (395,395)   100
    (396,396)   100
    (398,398)   100
    (399,399)   100
    (400,400)   100
    (404,404)   100
    (405,405)   100
    (411,411)   100
    (412,412)   100
    (415,415)   100
    (417,417)   100
    (422,422)   100
    (428,428)   100
    (432,432)   100
    (434,134)   100
    (434,434)   100
    (435,435)   100
    (439,439)   100
    (441,441)   100
    (444,444)   100
    (446,446)   100
    (448,448)   100
    (451,451)   100
    (455,143)   100
    (455,455)   100
    (457,457)   100
    (457,458)   50
    (471,471)   100
    (472,472)   100
    (473,473)   100
    (479,479)   100
    (480,480)   100
    (484,484)   100
    (486,200)   50
    (486,486)   100
    (492,492)   100
    (493,493)   100

