include: SuiteSparse:GraphBLAS v7.4.4 [Mar 25, 2023]
library: SuiteSparse:GraphBLAS v7.4.4 [Mar 25, 2023]
matrix: /home/quilicam/mat/Harvard500/Harvard500.mtx
[.mtx]
Reading matrix market file: /home/quilicam/mat/Harvard500/Harvard500.mtx
read time: 0.00116335
Input Matrix:
MSE at iteration 0: 0.745481
Current size of cluster matrix (nvals): 3063

MSE at iteration 1: 0.192281
Current size of cluster matrix (nvals): 1238

MSE at iteration 2: 0.105822
Current size of cluster matrix (nvals): 655

MSE at iteration 3: 0.004100
Current size of cluster matrix (nvals): 555

MSE at iteration 4: 0.000313
Current size of cluster matrix (nvals): 544

MSE at iteration 5: 0.000386
Current size of cluster matrix (nvals): 543

MSE at iteration 6: 0.000759
Current size of cluster matrix (nvals): 542

MSE at iteration 7: 0.000062
Current size of cluster matrix (nvals): 541

MSE at iteration 8: 0.000000
Current size of cluster matrix (nvals): 541

Terminated after 8 iterations

Vertices per cluster

  500x1 GraphBLAS int64_t vector, bitmap by col
  vpc, 127 entries, memory: 4.6 KB

    (0,0)   127
    (5,0)   10
    (9,0)   22
    (30,0)   5
    (37,0)   1
    (41,0)   73
    (42,0)   1
    (47,0)   2
    (48,0)   1
    (49,0)   1
    (56,0)   1
    (57,0)   1
    (58,0)   1
    (59,0)   1
    (85,0)   1
    (91,0)   2
    (93,0)   1
    (99,0)   1
    (109,0)   5
    (111,0)   1
    (112,0)   1
    (113,0)   1
    (121,0)   2
    (126,0)   3
    (129,0)   26
    (131,0)   1
    (141,0)   2
    (142,0)   3
    (146,0)   1
    (150,0)   1
    (153,0)   1
    (155,0)   1
    (156,0)   1
    (157,0)   1
    (158,0)   2
    (160,0)   1
    (162,0)   1
    (165,0)   1
    (166,0)   1
    (180,0)   10
    (183,0)   1
    (193,0)   5
    (215,0)   1
    (216,0)   1
    (220,0)   1
    (248,0)   18
    (258,0)   1
    (260,0)   23
    (281,0)   1
    (284,0)   3
    (292,0)   4
    (293,0)   1
    (294,0)   2
    (295,0)   1
    (296,0)   1
    (297,0)   3
    (298,0)   1
    (300,0)   2
    (301,0)   2
    (305,0)   1
    (306,0)   4
    (307,0)   1
    (308,0)   1
    (309,0)   1
    (311,0)   3
    (333,0)   1
    (334,0)   23
    (336,0)   6
    (337,0)   1
    (339,0)   1
    (346,0)   1
    (348,0)   1
    (349,0)   1
    (350,0)   1
    (352,0)   2
    (354,0)   1
    (355,0)   1
    (356,0)   1
    (363,0)   1
    (364,0)   2
    (365,0)   2
    (367,0)   1
    (368,0)   1
    (369,0)   1
    (371,0)   1
    (372,0)   1
    (373,0)   2
    (374,0)   1
    (375,0)   1
    (384,0)   3
    (386,0)   1
    (387,0)   1
    (389,0)   1
    (393,0)   2
    (395,0)   1
    (396,0)   1
    (398,0)   1
    (399,0)   1
    (400,0)   1
    (404,0)   1
    (405,0)   1
    (411,0)   1
    (412,0)   1
    (415,0)   1
    (417,0)   1
    (422,0)   1
    (428,0)   1
    (432,0)   1
    (434,0)   2
    (435,0)   1
    (439,0)   1
    (441,0)   1
    (444,0)   1
    (446,0)   1
    (448,0)   1
    (451,0)   1
    (455,0)   2
    (457,0)   1
    (471,0)   1
    (472,0)   1
    (473,0)   1
    (479,0)   1
    (480,0)   1
    (484,0)   1
    (486,0)   1
    (492,0)   1
    (493,0)   1


  500x500 GraphBLAS bool matrix, sparse by row
  C_f, 500 entries, memory: 8.0 KB
  iso value:   1

    (0,0)   1
    (0,1)   1
    (0,7)   1
    (0,8)   1
    (0,18)   1
    (0,27)   1
    (0,29)   1
    (0,46)   1
    (0,51)   1
    (0,53)   1
    (0,54)   1
    (0,61)   1
    (0,62)   1
    (0,63)   1
    (0,66)   1
    (0,67)   1
    (0,68)   1
    (0,69)   1
    (0,70)   1
    (0,71)   1
    (0,72)   1
    (0,73)   1
    (0,74)   1
    (0,75)   1
    (0,76)   1
    (0,77)   1
    (0,78)   1
    (0,80)   1
    (0,81)   1
    (0,82)   1
    (0,83)   1
    (0,86)   1
    (0,87)   1
    (0,88)   1
    (0,89)   1
    (0,90)   1
    (0,117)   1
    (0,135)   1
    (0,149)   1
    (0,152)   1
    (0,167)   1
    (0,174)   1
    (0,190)   1
    (0,192)   1
    (0,194)   1
    (0,203)   1
    (0,206)   1
    (0,225)   1
    (0,228)   1
    (0,229)   1
    (0,230)   1
    (0,231)   1
    (0,232)   1
    (0,233)   1
    (0,235)   1
    (0,236)   1
    (0,237)   1
    (0,238)   1
    (0,239)   1
    (0,240)   1
    (0,241)   1
    (0,242)   1
    (0,243)   1
    (0,244)   1
    (0,245)   1
    (0,246)   1
    (0,247)   1
    (0,257)   1
    (0,259)   1
    (0,282)   1
    (0,283)   1
    (0,288)   1
    (0,291)   1
    (0,304)   1
    (0,310)   1
    (0,312)   1
    (0,313)   1
    (0,343)   1
    (0,344)   1
    (0,345)   1
    (0,351)   1
    (0,359)   1
    (0,361)   1
    (0,370)   1
    (0,376)   1
    (0,382)   1
    (0,385)   1
    (0,388)   1
    (0,390)   1
    (0,397)   1
    (0,406)   1
    (0,410)   1
    (0,413)   1
    (0,418)   1
    (0,419)   1
    (0,423)   1
    (0,424)   1
    (0,429)   1
    (0,430)   1
    (0,436)   1
    (0,445)   1
    (0,447)   1
    (0,449)   1
    (0,450)   1
    (0,452)   1
    (0,453)   1
    (0,454)   1
    (0,456)   1
    (0,460)   1
    (0,461)   1
    (0,463)   1
    (0,467)   1
    (0,469)   1
    (0,474)   1
    (0,475)   1
    (0,476)   1
    (0,478)   1
    (0,481)   1
    (0,482)   1
    (0,485)   1
    (0,488)   1
    (0,490)   1
    (0,491)   1
    (0,494)   1
    (0,495)   1
    (0,496)   1
    (0,497)   1
    (5,5)   1
    (5,55)   1
    (5,79)   1
    (5,84)   1
    (5,108)   1
    (5,341)   1
    (5,377)   1
    (5,380)   1
    (5,383)   1
    (5,409)   1
    (9,9)   1
    (9,92)   1
    (9,94)   1
    (9,95)   1
    (9,96)   1
    (9,97)   1
    (9,98)   1
    (9,100)   1
    (9,101)   1
    (9,102)   1
    (9,103)   1
    (9,104)   1
    (9,106)   1
    (9,107)   1
    (9,299)   1
    (9,347)   1
    (9,378)   1
    (9,420)   1
    (9,440)   1
    (9,464)   1
    (9,477)   1
    (9,483)   1
    (30,2)   1
    (30,30)   1
    (30,40)   1
    (30,403)   1
    (30,414)   1
    (37,37)   1
    (41,3)   1
    (41,11)   1
    (41,15)   1
    (41,17)   1
    (41,26)   1
    (41,28)   1
    (41,41)   1
    (41,52)   1
    (41,60)   1
    (41,114)   1
    (41,115)   1
    (41,116)   1
    (41,118)   1
    (41,119)   1
    (41,139)   1
    (41,168)   1
    (41,169)   1
    (41,170)   1
    (41,171)   1
    (41,173)   1
    (41,175)   1
    (41,176)   1
    (41,177)   1
    (41,178)   1
    (41,179)   1
    (41,184)   1
    (41,185)   1
    (41,186)   1
    (41,187)   1
    (41,188)   1
    (41,189)   1
    (41,191)   1
    (41,195)   1
    (41,196)   1
    (41,197)   1
    (41,198)   1
    (41,199)   1
    (41,201)   1
    (41,202)   1
    (41,204)   1
    (41,205)   1
    (41,207)   1
    (41,208)   1
    (41,209)   1
    (41,210)   1
    (41,212)   1
    (41,213)   1
    (41,214)   1
    (41,218)   1
    (41,219)   1
    (41,221)   1
    (41,222)   1
    (41,223)   1
    (41,224)   1
    (41,226)   1
    (41,227)   1
    (41,234)   1
    (41,256)   1
    (41,290)   1
    (41,353)   1
    (41,358)   1
    (41,360)   1
    (41,366)   1
    (41,401)   1
    (41,402)   1
    (41,407)   1
    (41,421)   1
    (41,427)   1
    (41,431)   1
    (41,443)   1
    (41,459)   1
    (41,465)   1
    (41,468)   1
    (42,42)   1
    (47,6)   1
    (47,47)   1
    (48,48)   1
    (49,49)   1
    (56,56)   1
    (57,57)   1
    (58,58)   1
    (59,59)   1
    (85,85)   1
    (91,91)   1
    (91,181)   1
    (93,93)   1
    (99,99)   1
    (109,10)   1
    (109,109)   1
    (109,110)   1
    (109,285)   1
    (109,391)   1
    (111,111)   1
    (112,112)   1
    (113,113)   1
    (121,13)   1
    (121,121)   1
    (126,124)   1
    (126,126)   1
    (126,130)   1
    (129,12)   1
    (129,14)   1
    (129,120)   1
    (129,122)   1
    (129,123)   1
    (129,125)   1
    (129,127)   1
    (129,128)   1
    (129,129)   1
    (129,132)   1
    (129,133)   1
    (129,136)   1
    (129,138)   1
    (129,140)   1
    (129,145)   1
    (129,151)   1
    (129,154)   1
    (129,163)   1
    (129,164)   1
    (129,357)   1
    (129,379)   1
    (129,381)   1
    (129,394)   1
    (129,433)   1
    (129,462)   1
    (129,499)   1
    (131,131)   1
    (141,137)   1
    (141,141)   1
    (142,142)   1
    (142,425)   1
    (142,437)   1
    (146,146)   1
    (150,150)   1
    (153,153)   1
    (155,155)   1
    (156,156)   1
    (157,157)   1
    (158,158)   1
    (158,362)   1
    (160,160)   1
    (162,162)   1
    (165,165)   1
    (166,166)   1
    (180,16)   1
    (180,180)   1
    (180,182)   1
    (180,438)   1
    (180,442)   1
    (180,466)   1
    (180,470)   1
    (180,487)   1
    (180,489)   1
    (180,498)   1
    (183,183)   1
    (193,172)   1
    (193,193)   1
    (193,211)   1
    (193,286)   1
    (193,289)   1
    (215,215)   1
    (216,216)   1
    (220,220)   1
    (248,19)   1
    (248,20)   1
    (248,21)   1
    (248,22)   1
    (248,24)   1
    (248,25)   1
    (248,44)   1
    (248,64)   1
    (248,65)   1
    (248,217)   1
    (248,248)   1
    (248,249)   1
    (248,250)   1
    (248,251)   1
    (248,252)   1
    (248,253)   1
    (248,254)   1
    (248,255)   1
    (258,258)   1
    (260,23)   1
    (260,159)   1
    (260,260)   1
    (260,261)   1
    (260,262)   1
    (260,263)   1
    (260,264)   1
    (260,265)   1
    (260,266)   1
    (260,267)   1
    (260,268)   1
    (260,269)   1
    (260,270)   1
    (260,271)   1
    (260,272)   1
    (260,273)   1
    (260,274)   1
    (260,275)   1
    (260,276)   1
    (260,277)   1
    (260,278)   1
    (260,279)   1
    (260,280)   1
    (281,281)   1
    (284,31)   1
    (284,105)   1
    (284,284)   1
    (292,32)   1
    (292,287)   1
    (292,292)   1
    (292,303)   1
    (293,293)   1
    (294,33)   1
    (294,294)   1
    (295,295)   1
    (296,296)   1
    (297,34)   1
    (297,161)   1
    (297,297)   1
    (298,298)   1
    (300,35)   1
    (300,300)   1
    (301,36)   1
    (301,301)   1
    (305,305)   1
    (306,38)   1
    (306,39)   1
    (306,302)   1
    (306,306)   1
    (307,307)   1
    (308,308)   1
    (309,309)   1
    (311,43)   1
    (311,311)   1
    (311,408)   1
    (333,333)   1
    (334,4)   1
    (334,45)   1
    (334,314)   1
    (334,315)   1
    (334,316)   1
    (334,317)   1
    (334,318)   1
    (334,319)   1
    (334,320)   1
    (334,321)   1
    (334,322)   1
    (334,323)   1
    (334,324)   1
    (334,325)   1
    (334,326)   1
    (334,327)   1
    (334,328)   1
    (334,329)   1
    (334,330)   1
    (334,331)   1
    (334,332)   1
    (334,334)   1
    (334,416)   1
    (336,50)   1
    (336,335)   1
    (336,336)   1
    (336,338)   1
    (336,340)   1
    (336,342)   1
    (337,337)   1
    (339,339)   1
    (346,346)   1
    (348,348)   1
    (349,349)   1
    (350,350)   1
    (352,148)   1
    (352,352)   1
    (354,354)   1
    (355,355)   1
    (356,356)   1
    (363,363)   1
    (364,364)   1
    (364,458)   1
    (365,200)   1
    (365,365)   1
    (367,367)   1
    (368,368)   1
    (369,369)   1
    (371,371)   1
    (372,372)   1
    (373,373)   1
    (373,426)   1
    (374,374)   1
    (375,375)   1
    (384,144)   1
    (384,147)   1
    (384,384)   1
    (386,386)   1
    (387,387)   1
    (389,389)   1
    (393,392)   1
    (393,393)   1
    (395,395)   1
    (396,396)   1
    (398,398)   1
    (399,399)   1
    (400,400)   1
    (404,404)   1
    (405,405)   1
    (411,411)   1
    (412,412)   1
    (415,415)   1
    (417,417)   1
    (422,422)   1
    (428,428)   1
    (432,432)   1
    (434,134)   1
    (434,434)   1
    (435,435)   1
    (439,439)   1
    (441,441)   1
    (444,444)   1
    (446,446)   1
    (448,448)   1
    (451,451)   1
    (455,143)   1
    (455,455)   1
    (457,457)   1
    (471,471)   1
    (472,472)   1
    (473,473)   1
    (479,479)   1
    (480,480)   1
    (484,484)   1
    (486,486)   1
    (492,492)   1
    (493,493)   1

